pos/00014_00000_00000.png 1 0 0 48 45
pos/00014_00000_00001.png 1 0 0 48 46
pos/00014_00000_00002.png 1 0 0 49 46
pos/00014_00000_00003.png 1 0 0 51 49
pos/00014_00000_00004.png 1 0 0 50 48
pos/00014_00000_00005.png 1 0 0 52 51
pos/00014_00000_00006.png 1 0 0 54 52
pos/00014_00001_00000.png 1 0 0 30 30
pos/00014_00001_00001.png 1 0 0 32 31
pos/00014_00001_00002.png 1 0 0 33 34
pos/00014_00001_00003.png 1 0 0 33 34
pos/00014_00001_00004.png 1 0 0 36 36
pos/00014_00001_00005.png 1 0 0 37 37
pos/00014_00001_00006.png 1 0 0 37 37
pos/00014_00003_00000.png 1 0 0 41 43
pos/00014_00003_00001.png 1 0 0 43 44
pos/00014_00003_00002.png 1 0 0 43 44
pos/00014_00003_00003.png 1 0 0 46 44
pos/00014_00003_00004.png 1 0 0 47 46
pos/00014_00003_00005.png 1 0 0 47 46
pos/00014_00003_00006.png 1 0 0 47 48
pos/00014_00004_00000.png 1 0 0 37 38
pos/00014_00004_00001.png 1 0 0 37 39
pos/00014_00004_00002.png 1 0 0 38 40
pos/00014_00004_00003.png 1 0 0 40 41
pos/00014_00004_00004.png 1 0 0 40 42
pos/00014_00004_00005.png 1 0 0 39 39
pos/00014_00004_00006.png 1 0 0 41 42
pos/00014_00005_00000.png 1 0 0 52 53
pos/00014_00005_00001.png 1 0 0 52 53
pos/00014_00005_00002.png 1 0 0 52 53
pos/00014_00005_00003.png 1 0 0 53 53
pos/00014_00005_00004.png 1 0 0 54 53
pos/00014_00005_00005.png 1 0 0 54 54
pos/00014_00005_00006.png 1 0 0 53 54
pos/00014_00007_00000.png 1 0 0 32 32
pos/00014_00007_00001.png 1 0 0 34 33
pos/00014_00007_00002.png 1 0 0 35 35
pos/00014_00007_00003.png 1 0 0 36 35
pos/00014_00007_00004.png 1 0 0 37 37
pos/00014_00007_00005.png 1 0 0 37 38
pos/00014_00007_00006.png 1 0 0 39 38
pos/00014_00008_00000.png 1 0 0 29 33
pos/00014_00008_00001.png 1 0 0 30 35
pos/00014_00008_00002.png 1 0 0 31 34
pos/00014_00008_00003.png 1 0 0 33 36
pos/00014_00008_00004.png 1 0 0 35 38
pos/00014_00008_00005.png 1 0 0 35 38
pos/00014_00008_00006.png 1 0 0 35 40
pos/00014_00009_00000.png 1 0 0 25 27
pos/00014_00009_00001.png 1 0 0 28 30
pos/00014_00009_00002.png 1 0 0 28 30
pos/00014_00009_00003.png 1 0 0 28 31
pos/00014_00009_00004.png 1 0 0 28 33
pos/00014_00009_00005.png 1 0 0 31 32
pos/00014_00009_00006.png 1 0 0 29 31
pos/00014_00010_00000.png 1 0 0 56 64
pos/00014_00010_00001.png 1 0 0 57 65
pos/00014_00010_00002.png 1 0 0 57 67
pos/00014_00010_00003.png 1 0 0 60 69
pos/00014_00010_00004.png 1 0 0 61 69
pos/00014_00010_00005.png 1 0 0 62 72
pos/00014_00010_00006.png 1 0 0 62 71
pos/00014_00011_00000.png 1 0 0 43 43
pos/00014_00011_00001.png 1 0 0 43 42
pos/00014_00011_00002.png 1 0 0 43 42
pos/00014_00011_00003.png 1 0 0 42 42
pos/00014_00011_00004.png 1 0 0 43 42
pos/00014_00011_00005.png 1 0 0 42 44
pos/00014_00011_00006.png 1 0 0 44 44
pos/00014_00012_00000.png 1 0 0 43 43
pos/00014_00012_00001.png 1 0 0 43 44
pos/00014_00012_00002.png 1 0 0 43 44
pos/00014_00012_00003.png 1 0 0 43 43
pos/00014_00012_00004.png 1 0 0 44 44
pos/00014_00012_00005.png 1 0 0 44 43
pos/00014_00012_00006.png 1 0 0 45 44
pos/00014_00013_00000.png 1 0 0 39 40
pos/00014_00013_00001.png 1 0 0 38 38
pos/00014_00013_00002.png 1 0 0 36 39
pos/00014_00013_00003.png 1 0 0 39 39
pos/00014_00013_00004.png 1 0 0 41 41
pos/00014_00013_00005.png 1 0 0 43 43
pos/00014_00013_00006.png 1 0 0 45 46
pos/00014_00014_00000.png 1 0 0 38 46
pos/00014_00014_00001.png 1 0 0 39 47
pos/00014_00014_00002.png 1 0 0 39 49
pos/00014_00014_00003.png 1 0 0 41 52
pos/00014_00014_00004.png 1 0 0 41 52
pos/00014_00014_00005.png 1 0 0 42 54
pos/00014_00014_00006.png 1 0 0 44 56
pos/00014_00015_00000.png 1 0 0 31 31
pos/00014_00015_00001.png 1 0 0 33 32
pos/00014_00015_00002.png 1 0 0 34 33
pos/00014_00015_00003.png 1 0 0 35 34
pos/00014_00015_00004.png 1 0 0 35 35
pos/00014_00015_00005.png 1 0 0 37 37
pos/00014_00015_00006.png 1 0 0 37 36
pos/00014_00016_00000.png 1 0 0 58 58
pos/00014_00016_00001.png 1 0 0 58 58
pos/00014_00016_00002.png 1 0 0 58 58
pos/00014_00016_00003.png 1 0 0 57 57
pos/00014_00016_00004.png 1 0 0 58 57
pos/00014_00016_00005.png 1 0 0 58 57
pos/00014_00016_00006.png 1 0 0 57 57
pos/00014_00017_00000.png 1 0 0 25 26
pos/00014_00017_00001.png 1 0 0 27 28
pos/00014_00017_00002.png 1 0 0 28 28
pos/00014_00017_00003.png 1 0 0 28 28
pos/00014_00017_00004.png 1 0 0 29 30
pos/00014_00017_00005.png 1 0 0 29 30
pos/00014_00017_00006.png 1 0 0 31 32
pos/00014_00018_00000.png 1 0 0 42 42
pos/00014_00018_00001.png 1 0 0 44 44
pos/00014_00018_00002.png 1 0 0 43 44
pos/00014_00018_00003.png 1 0 0 41 42
pos/00014_00018_00004.png 1 0 0 44 44
pos/00014_00018_00005.png 1 0 0 46 46
pos/00014_00018_00006.png 1 0 0 47 47
pos/00014_00019_00000.png 1 0 0 36 40
pos/00014_00019_00001.png 1 0 0 38 41
pos/00014_00019_00002.png 1 0 0 38 41
pos/00014_00019_00003.png 1 0 0 37 42
pos/00014_00019_00004.png 1 0 0 38 44
pos/00014_00019_00005.png 1 0 0 39 45
pos/00014_00019_00006.png 1 0 0 40 46
pos/00014_00020_00000.png 1 0 0 38 41
pos/00014_00020_00001.png 1 0 0 40 44
pos/00014_00020_00002.png 1 0 0 42 45
pos/00014_00020_00003.png 1 0 0 43 47
pos/00014_00020_00004.png 1 0 0 44 47
pos/00014_00020_00005.png 1 0 0 45 48
pos/00014_00020_00006.png 1 0 0 46 49
pos/00014_00021_00000.png 1 0 0 29 30
pos/00014_00021_00001.png 1 0 0 31 31
pos/00014_00021_00002.png 1 0 0 32 32
pos/00014_00021_00003.png 1 0 0 33 34
pos/00014_00021_00004.png 1 0 0 34 36
pos/00014_00021_00005.png 1 0 0 36 36
pos/00014_00021_00006.png 1 0 0 36 38
pos/00014_00022_00000.png 1 0 0 35 37
pos/00014_00022_00001.png 1 0 0 34 36
pos/00014_00022_00002.png 1 0 0 35 36
pos/00014_00022_00003.png 1 0 0 35 37
pos/00014_00022_00004.png 1 0 0 37 37
pos/00014_00022_00005.png 1 0 0 37 40
pos/00014_00022_00006.png 1 0 0 40 41
pos/00014_00023_00000.png 1 0 0 34 34
pos/00014_00023_00001.png 1 0 0 36 37
pos/00014_00023_00002.png 1 0 0 36 38
pos/00014_00023_00003.png 1 0 0 39 38
pos/00014_00023_00004.png 1 0 0 39 40
pos/00014_00023_00005.png 1 0 0 39 38
pos/00014_00023_00006.png 1 0 0 40 43
pos/00014_00024_00000.png 1 0 0 26 27
pos/00014_00024_00001.png 1 0 0 26 27
pos/00014_00024_00002.png 1 0 0 27 27
pos/00014_00024_00003.png 1 0 0 26 28
pos/00014_00024_00004.png 1 0 0 28 27
pos/00014_00024_00005.png 1 0 0 30 28
pos/00014_00024_00006.png 1 0 0 31 30
pos/00014_00025_00000.png 1 0 0 27 28
pos/00014_00025_00001.png 1 0 0 29 29
pos/00014_00025_00002.png 1 0 0 30 31
pos/00014_00025_00003.png 1 0 0 29 31
pos/00014_00025_00004.png 1 0 0 29 29
pos/00014_00025_00005.png 1 0 0 31 32
pos/00014_00025_00006.png 1 0 0 30 34
